1,1,1.4,2.5,1
1,1,1.4,2.5,1
0.125,0.1,1.4,0.25,1.837917
0.125,0.1,1.4,0.25,1.837917
0.125,0.1,1.4,0.25,1.837917
0.125,0.1,1.4,0.25,1.837917
0.125,0.1,1.4,0.25,1.837917
0.125,0.1,1.4,0.25,1.837917
0.125,0.1,1.4,0.25,1.837917
0.125,0.1,1.4,0.25,1.837917
0.125,0.1,1.4,0.25,1.837917
0.125,0.1,1.4,0.25,1.837917
0.125,0.1,1.4,0.25,1.837917
0.125,0.1,1.4,0.25,1.837917
0.125,0.1,1.4,0.25,1.837917
0.125,0.1,1.4,0.25,1.837917
0.125,0.1,1.4,0.25,1.837917
0.125,0.1,1.4,0.25,1.837917
0.125,0.1,1.4,0.25,1.837917
0.125,0.1,1.4,0.25,1.837917
0.125,0.1,1.4,0.25,1.837917
0.125,0.1,1.4,0.25,1.837917
0.125,0.1,1.4,0.25,1.837917
0.125,0.1,1.4,0.25,1.837917
0.125,0.1,1.4,0.25,1.837917
0.125,0.1,1.4,0.25,1.837917
0.125,0.1,1.4,0.25,1.837917
0.125,0.1,1.4,0.25,1.837917
0.125,0.1,1.4,0.25,1.837917
0.125,0.1,1.4,0.25,1.837917
0.125,0.1,1.4,0.25,1.837917
0.125,0.1,1.4,0.25,1.837917
0.125,0.1,1.4,0.25,1.837917
0.125,0.1,1.4,0.25,1.837917
0.125,0.1,1.4,0.25,1.837917
0.125,0.1,1.4,0.25,1.837917
0.125,0.1,1.4,0.25,1.837917
0.125,0.1,1.4,0.25,1.837917
0.125,0.1,1.4,0.25,1.837917
0.125,0.1,1.4,0.25,1.837917
0.125,0.1,1.4,0.25,1.837917
0.125,0.1,1.4,0.25,1.837917
0.125,0.1,1.4,0.25,1.837917
0.125,0.1,1.4,0.25,1.837917
0.125,0.1,1.4,0.25,1.837917
0.125,0.1,1.4,0.25,1.837917
0.125,0.1,1.4,0.25,1.837917
0.125,0.1,1.4,0.25,1.837917
0.125,0.1,1.4,0.25,1.837917
0.125,0.1,1.4,0.25,1.837917
0.125,0.1,1.4,0.25,1.837917
0.125,0.1,1.4,0.25,1.837917
0.125,0.1,1.4,0.25,1.837917
0.125,0.1,1.4,0.25,1.837917
0.125,0.1,1.4,0.25,1.837917
0.125,0.1,1.4,0.25,1.837917
0.125,0.1,1.4,0.25,1.837917
0.125,0.1,1.4,0.25,1.837917
0.125,0.1,1.4,0.25,1.837917
0.125,0.1,1.4,0.25,1.837917
0.125,0.1,1.4,0.25,1.837917
0.125,0.1,1.4,0.25,1.837917
0.125,0.1,1.4,0.25,1.837917
0.125,0.1,1.4,0.25,1.837917
0.125,0.1,1.4,0.25,1.837917
0.125,0.1,1.4,0.25,1.837917
0.125,0.1,1.4,0.25,1.837917
0.125,0.1,1.4,0.25,1.837917
0.125,0.1,1.4,0.25,1.837917
0.125,0.1,1.4,0.25,1.837917
0.125,0.1,1.4,0.25,1.837917
1,1,1.4,2.5,1
1,1,1.4,2.5,1
1,1,1.4,2.5,1
1,1,1.4,2.5,1
1,1,1.4,2.5,1
1,1,1.4,2.5,1
1,1,1.4,2.5,1
1,1,1.4,2.5,1
1,1,1.4,2.5,1
1,1,1.4,2.5,1
1,1,1.4,2.5,1
1,1,1.4,2.5,1
1,1,1.4,2.5,1
1,1,1.4,2.5,1
1,1,1.4,2.5,1
1,1,1.4,2.5,1
1,1,1.4,2.5,1
1,1,1.4,2.5,1
1,1,1.4,2.5,1
1,1,1.4,2.5,1
1,1,1.4,2.5,1
1,1,1.4,2.5,1
1,1,1.4,2.5,1
1,1,1.4,2.5,1
1,1,1.4,2.5,1
1,1,1.4,2.5,1
1,1,1.4,2.5,1
1,1,1.4,2.5,1
1,1,1.4,2.5,1
1,1,1.4,2.5,1
1,1,1.4,2.5,1
1,1,1.4,2.5,1
1,1,1.4,2.5,1
1,1,1.4,2.5,1
0.125,0.1,1.4,0.25,1.837917
0.125,0.1,1.4,0.25,1.837917
1,1,1.4,2.5,1
1,1,1.4,2.5,1
1,1,1.4,2.5,1
1,1,1.4,2.5,1
1,1,1.4,2.5,1
1,1,1.4,2.5,1
1,1,1.4,2.5,1
1,1,1.4,2.5,1
1,1,1.4,2.5,1
1,1,1.4,2.5,1
1,1,1.4,2.5,1
1,1,1.4,2.5,1
1,1,1.4,2.5,1
1,1,1.4,2.5,1
1,1,1.4,2.5,1
1,1,1.4,2.5,1
1,1,1.4,2.5,1
1,1,1.4,2.5,1
1,1,1.4,2.5,1
1,1,1.4,2.5,1
1,1,1.4,2.5,1
1,1,1.4,2.5,1
1,1,1.4,2.5,1
1,1,1.4,2.5,1
1,1,1.4,2.5,1
1,1,1.4,2.5,1
1,1,1.4,2.5,1
1,1,1.4,2.5,1
1,1,1.4,2.5,1
1,1,1.4,2.5,1
1,1,1.4,2.5,1
1,1,1.4,2.5,1
1,1,1.4,2.5,1
1,1,1.4,2.5,1
1,1,1.4,2.5,1
1,1,1.4,2.5,1
