1
1
1.837917368
1.837917368
1.837917368
1.837917368
1.837917368
1.837917368
1.837917368
1.837917368
1.837917368
1.837917368
1.837917368
1.837917368
1.837917368
1.837917368
1.837917368
1.837917368
1.837917368
1.837917368
1.837917368
1.837917368
1.837917368
1.837917368
1.837917368
1.837917368
1.837917368
1.837917368
1.837917368
1.837917368
1.837917368
1.837917368
1.837917368
1.837917368
1.837917368
1.837917368
1.837917368
1.837917368
1.837917368
1.837917368
1.837917368
1.837917368
1.837917368
1.837917368
1.837917368
1.837917368
1.837917368
1.837917368
1.837917368
1.837917368
1.837917368
1.837917368
1.837917368
1.837917368
1.837917368
1.837917368
1.837917368
1.837917368
1.837917368
1.837917368
1.837917368
1.837917368
1.837917368
1.837917368
1.837917368
1.837917368
1.837917368
1.837917368
1.837917368
1.837917368
1.837917368
1
1
1
1
1
1
1
1
1
1
1
1
1
1
1
1
1
1
1
1
1
1
1
1
1
1
1
1
1
1
1
1
1
1
1.837917368
1.837917368
1
1
1
1
1
1
1
1
1
1
1
1
1
1
1
1
1
1
1
1
1
1
1
1
1
1
1
1
1
1
1
1
1
1
1
1
