1,1.4,2.5,1
1,1.4,2.5,1
0.125,1.4,0.25,1.837917368
0.125,1.4,0.25,1.837917368
0.125,1.4,0.25,1.837917368
0.125,1.4,0.25,1.837917368
0.125,1.4,0.25,1.837917368
0.125,1.4,0.25,1.837917368
0.125,1.4,0.25,1.837917368
0.125,1.4,0.25,1.837917368
0.125,1.4,0.25,1.837917368
0.125,1.4,0.25,1.837917368
0.125,1.4,0.25,1.837917368
0.125,1.4,0.25,1.837917368
0.125,1.4,0.25,1.837917368
0.125,1.4,0.25,1.837917368
0.125,1.4,0.25,1.837917368
0.125,1.4,0.25,1.837917368
0.125,1.4,0.25,1.837917368
0.125,1.4,0.25,1.837917368
0.125,1.4,0.25,1.837917368
0.125,1.4,0.25,1.837917368
0.125,1.4,0.25,1.837917368
0.125,1.4,0.25,1.837917368
0.125,1.4,0.25,1.837917368
0.125,1.4,0.25,1.837917368
0.125,1.4,0.25,1.837917368
0.125,1.4,0.25,1.837917368
0.125,1.4,0.25,1.837917368
0.125,1.4,0.25,1.837917368
0.125,1.4,0.25,1.837917368
0.125,1.4,0.25,1.837917368
0.125,1.4,0.25,1.837917368
0.125,1.4,0.25,1.837917368
0.125,1.4,0.25,1.837917368
0.125,1.4,0.25,1.837917368
0.125,1.4,0.25,1.837917368
0.125,1.4,0.25,1.837917368
0.125,1.4,0.25,1.837917368
0.125,1.4,0.25,1.837917368
0.125,1.4,0.25,1.837917368
0.125,1.4,0.25,1.837917368
0.125,1.4,0.25,1.837917368
0.125,1.4,0.25,1.837917368
0.125,1.4,0.25,1.837917368
0.125,1.4,0.25,1.837917368
0.125,1.4,0.25,1.837917368
0.125,1.4,0.25,1.837917368
0.125,1.4,0.25,1.837917368
0.125,1.4,0.25,1.837917368
0.125,1.4,0.25,1.837917368
0.125,1.4,0.25,1.837917368
0.125,1.4,0.25,1.837917368
0.125,1.4,0.25,1.837917368
0.125,1.4,0.25,1.837917368
0.125,1.4,0.25,1.837917368
0.125,1.4,0.25,1.837917368
0.125,1.4,0.25,1.837917368
0.125,1.4,0.25,1.837917368
0.125,1.4,0.25,1.837917368
0.125,1.4,0.25,1.837917368
0.125,1.4,0.25,1.837917368
0.125,1.4,0.25,1.837917368
0.125,1.4,0.25,1.837917368
0.125,1.4,0.25,1.837917368
0.125,1.4,0.25,1.837917368
0.125,1.4,0.25,1.837917368
0.125,1.4,0.25,1.837917368
0.125,1.4,0.25,1.837917368
0.125,1.4,0.25,1.837917368
0.125,1.4,0.25,1.837917368
1,1.4,2.5,1
1,1.4,2.5,1
1,1.4,2.5,1
1,1.4,2.5,1
1,1.4,2.5,1
1,1.4,2.5,1
1,1.4,2.5,1
1,1.4,2.5,1
1,1.4,2.5,1
1,1.4,2.5,1
1,1.4,2.5,1
1,1.4,2.5,1
1,1.4,2.5,1
1,1.4,2.5,1
1,1.4,2.5,1
1,1.4,2.5,1
1,1.4,2.5,1
1,1.4,2.5,1
1,1.4,2.5,1
1,1.4,2.5,1
1,1.4,2.5,1
1,1.4,2.5,1
1,1.4,2.5,1
1,1.4,2.5,1
1,1.4,2.5,1
1,1.4,2.5,1
1,1.4,2.5,1
1,1.4,2.5,1
1,1.4,2.5,1
1,1.4,2.5,1
1,1.4,2.5,1
1,1.4,2.5,1
1,1.4,2.5,1
1,1.4,2.5,1
0.125,1.4,2.5,1
0.125,1.4,2.5,1
1,1.4,2.5,1
1,1.4,2.5,1
1,1.4,2.5,1
1,1.4,2.5,1
1,1.4,2.5,1
1,1.4,2.5,1
1,1.4,2.5,1
1,1.4,2.5,1
1,1.4,2.5,1
1,1.4,2.5,1
1,1.4,2.5,1
1,1.4,2.5,1
1,1.4,2.5,1
1,1.4,2.5,1
1,1.4,2.5,1
1,1.4,2.5,1
1,1.4,2.5,1
1,1.4,2.5,1
1,1.4,2.5,1
1,1.4,2.5,1
1,1.4,2.5,1
1,1.4,2.5,1
1,1.4,2.5,1
1,1.4,2.5,1
1,1.4,2.5,1
1,1.4,2.5,1
1,1.4,2.5,1
1,1.4,2.5,1
1,1.4,2.5,1
1,1.4,2.5,1
1,1.4,2.5,1
1,1.4,2.5,1
1,1.4,2.5,1
1,1.4,2.5,1
1,1.4,2.5,1
1,1.4,2.5,1
